정   답   표
시험회차: 제35회
시험수준:
TOPIKⅠ
영역: 듣기
문항번호
정답
배점
문항번호
정답
배점
1
③
4
16
③
4
2
②
4
17
③
3
3
①
3
18
④
3
 4
②
3
19
③
3
 5
①
4
20
②
3
 6
②
3
21
②
3
 7
②
3
22
②
3
 8
④
3
23
①
3
 9
③
3
24
①
3
10
④
4
25
④
3
11
①
3
26
④
4
12
④
3
27
①
3
13
③
4
28
③
4
14
④
3
29
①
3
15
①
4
30
②
4
답지
빈도
답지번호
①
②
③
④
계
정답수
8
8
7
7
3 0
정   답   표
시험회차: 제35회
시험수준:
TOPIKⅠ
영역: 읽기
문항번호
정답
배점
문항번호
정답
배점
1
3
2
21
1
3
2
4
2
22
2
2
3
1
2
23
4
2
4
4
2
24
3
3
5
1
2
25
3
2
6
3
2
26
2
3
7
3
3
27
4
2
8
1
3
28
2
3
9
1
2
29
2
2
10
3
3
30
3
3
11
2
3
31
1
2
12
4
3
32
1
2
13
1
3
33
4
2
14
2
2
34
4
3
15
2
3
35
2
2
16
4
3
36
3
3
17
3
3
37
1
3
18
3
2
38
3
3
19
2
2
39
4
3
20
4
2
40
1
3
답지
빈도
답지번호
①
②
③
④
계
정답수
10
9
11
10
4 0
